Questão 02



Simplex
z  1.0      -2.0      -3.0      -1.0      0.0      0.0      0.0      0.0      
x4 0.0      1.0      1.0      1.0      1.0      0.0      0.0      40.0      
x5 0.0      2.0      1.0      -1.0      0.0      1.0      0.0      20.0      
x6 0.0      3.0      2.0      -1.0      0.0      0.0      1.0      30.0      
Numero de colunas: 8
Coluna Pivo: 3
Linha pivo: 4
Pivo: 2.0
Multiplicador: 3.0
Multiplicador: -1.0
Multiplicador: -1.0
Multiplicador: -2.0
z   1.0      2.5      0.0      -2.5      0.0      0.0      1.5      45.0      
x4  0.0      -0.5      0.0      1.5      1.0      0.0      -0.5      25.0      
x5  0.0      0.5      0.0      -0.5      0.0      1.0      -0.5      5.0      
x2  0.0      1.5      1.0      -0.5      0.0      0.0      0.5      15.0      
Numero de colunas: 8
Coluna Pivo: 4
Linha pivo: 2
Pivo: 1.5
Multiplicador: 2.5
Multiplicador: -1.5
Multiplicador: 0.5
Multiplicador: 0.5
z   1.0      1.6666666666666667      0.0      0.0      1.6666666666666665      0.0      0.6666666666666667      86.66666666666667      
x3  0.0      -0.3333333333333333      0.0      1.0      0.6666666666666666      0.0      -0.3333333333333333      16.666666666666668      
x5  0.0      0.33333333333333337      0.0      0.0      0.3333333333333333      1.0      -0.6666666666666666      13.333333333333334      
x2  0.0      1.3333333333333333      1.0      0.0      0.3333333333333333      0.0      0.33333333333333337      23.333333333333336 




Questão 03

Simplex

z   1.0      -10.0      -12.0      0.0      0.0      0.0      
x3  0.0      1.0      1.0      1.0      0.0      100.0      
x4  0.0      2.0      3.0      0.0      1.0      270.0      
Numero de colunas: 6
Coluna Pivo: 3
Linha pivo: 3
Pivo: 3.0
Multiplicador: 12.0
Multiplicador: -1.0
Multiplicador: -3.0
z  1.0      -2.0      0.0      0.0      4.0      1080.0      
x3 0.0      0.33333333333333337      0.0      1.0      -0.3333333333333333      10.0      
x2 0.0      0.6666666666666666      1.0      0.0      0.3333333333333333      90.0      
Numero de colunas: 6
Coluna Pivo: 2
Linha pivo: 2
Pivo: 0.33333333333333337
Multiplicador: 2.0
Multiplicador: -0.33333333333333337
Multiplicador: -0.6666666666666666
z  1.0      0.0      0.0      5.999999999999999      2.0      1140.0      
x3 0.0      1.0      0.0      2.9999999999999996      -0.9999999999999999      29.999999999999996      
x1 0.0      0.0      1.0      -1.9999999999999996      0.9999999999999998      70.0      


Questão 04

Simplex
z  1.0      -2.0      -3.0      -4.0      0.0      0.0      0.0      0.0      
x4 0.0      1.0      1.0      1.0      1.0      0.0      0.0      100.0      
x5 0.0      2.0      1.0      0.0      0.0      1.0      0.0      210.0      
x6 0.0      1.0      0.0      0.0      0.0      0.0      1.0      80.0      
Numero de colunas: 8
Coluna Pivo: 4
Linha pivo: 2
Pivo: 1.0
Multiplicador: 4.0
Multiplicador: -1.0
Multiplicador: -0.0
Multiplicador: -0.0
z  1.0      2.0      1.0      0.0      4.0      0.0      0.0      400.0      
x3 0.0      1.0      1.0      1.0      1.0      0.0      0.0      100.0      
x5   0.0      2.0      1.0      0.0      0.0      1.0      0.0      210.0      
x6   0.0      1.0      0.0      0.0      0.0      0.0      1.0      80.0     

Questão 05


Simplex
1.0      -0.2      -2.0      -4.0      0.0      0.0      0.0      0.0      
0.0      1.0      2.0      0.0      1.0      0.0      0.0      20.0      
0.0      3.0      0.0      1.0      0.0      1.0      0.0      15.0      
0.0      1.0      1.0      -1.0      0.0      0.0      1.0      15.0      
Numero de colunas: 8
Coluna Pivo: 4
Linha pivo: 3
Pivo: 1.0
Multiplicador: 4.0
Multiplicador: -0.0
Multiplicador: -1.0
Multiplicador: 1.0
1.0      11.8      -2.0      0.0      0.0      4.0      0.0      60.0      
0.0      1.0      2.0      0.0      1.0      0.0      0.0      20.0      
0.0      3.0      0.0      1.0      0.0      1.0      0.0      15.0      
0.0      4.0      1.0      0.0      0.0      1.0      1.0      30.0      
Numero de colunas: 8
Coluna Pivo: 3
Linha pivo: 2
Pivo: 2.0
Multiplicador: 2.0
Multiplicador: -2.0
Multiplicador: -0.0
Multiplicador: -1.0
1.0      12.8      0.0      0.0      1.0      4.0      0.0      80.0      
0.0      0.5      1.0      0.0      0.5      0.0      0.0      10.0      
0.0      3.0      0.0      1.0      0.0      1.0      0.0      15.0      
0.0      3.5      0.0      0.0      -0.5      1.0      1.0      20.0     

questão 06

Simplex
1.0      -5.0      3.0      -4.0      1.0      0.0      0.0      0.0      0.0      
0.0      1.0      1.0      1.0      1.0      1.0      0.0      0.0      600.0      
0.0      2.0      0.0      1.0      0.0      0.0      1.0      0.0      280.0      
0.0      0.0      1.0      0.0      3.0      0.0      0.0      1.0      150.0      
Numero de colunas: 9
Coluna Pivo: 2
Linha pivo: 3
Pivo: 2.0
Multiplicador: 5.0
Multiplicador: -1.0
Multiplicador: -2.0
Multiplicador: -0.0
1.0      0.0      3.0      -1.5      1.0      0.0      2.5      0.0      700.0      
0.0      0.0      1.0      0.5      1.0      1.0      -0.5      0.0      460.0      
0.0      1.0      0.0      0.5      0.0      0.0      0.5      0.0      140.0      
0.0      0.0      1.0      0.0      3.0      0.0      0.0      1.0      150.0      
Numero de colunas: 9
Coluna Pivo: 4
Linha pivo: 3
Pivo: 0.5
Multiplicador: 1.5
Multiplicador: -0.5
Multiplicador: -0.5
Multiplicador: -0.0
1.0      3.0      3.0      0.0      1.0      0.0      4.0      0.0      1120.0      
0.0      -1.0      1.0      0.0      1.0      1.0      -1.0      0.0      320.0      
0.0      2.0      0.0      1.0      0.0      0.0      1.0      0.0      280.0      
0.0      0.0      1.0      0.0      3.0      0.0      0.0      1.0      150.0      



Questão 07

Simplex
1.0      -2.0      0.0      -4.0      0.0      0.0      0.0      0.0      
0.0      1.0      2.0      1.0      1.0      0.0      0.0      8000.0      
0.0      2.0      0.0      0.0      0.0      1.0      0.0      6000.0      
0.0      0.0      1.0      1.0      0.0      0.0      1.0      620.0      
Numero de colunas: 8
Coluna Pivo: 4
Linha pivo: 4
Pivo: 1.0
Multiplicador: 4.0
Multiplicador: -1.0
Multiplicador: 0.0
Multiplicador: -1.0
1.0      -2.0      4.0      0.0      0.0      0.0      4.0      2480.0      
0.0      1.0      1.0      0.0      1.0      0.0      -1.0      7380.0      
0.0      2.0      0.0      0.0      0.0      1.0      0.0      6000.0      
0.0      0.0      1.0      1.0      0.0      0.0      1.0      620.0      
Numero de colunas: 8
Coluna Pivo: 2
Linha pivo: 1
Pivo: 1.0
Multiplicador: 2.0
Multiplicador: -1.0
Multiplicador: -2.0
Multiplicador: 0.0
1.0      -2.0      4.0      0.0      0.0      0.0      4.0      2480.0      
-1.0      3.0      -3.0      0.0      1.0      0.0      -5.0      4900.0      
-2.0      6.0      -8.0      0.0      0.0      1.0      -8.0      1040.0      
0.0      0.0      1.0      1.0      0.0      0.0      1.0      620.0      
Numero de colunas: 8
Coluna Pivo: 2
Linha pivo: 3
Pivo: 6.0
Multiplicador: 2.0
Multiplicador: -3.0
Multiplicador: -6.0
Multiplicador: 0.0
0.33333333333333337      0.0      1.3333333333333335      0.0      0.0      0.3333333333333333      1.3333333333333335      2826.6666666666665      
0.0      0.0      1.0      0.0      1.0      -0.5      -1.0      4380.0      
-0.3333333333333333      1.0      -1.3333333333333333      0.0      0.0      0.16666666666666666      -1.3333333333333333      173.33333333333334      
0.0      0.0      1.0      1.0      0.0      0.0      1.0      620.0   

Qustão 08

Simplex
1.0      -1.0      -4.0      -6.0      0.0      0.0      0.0      0.0      
0.0      1.0      1.0      1.0      1.0      0.0      0.0      100.0      
0.0      2.0      -1.0      5.0      0.0      1.0      0.0      50.0      
0.0      3.0      0.0      1.0      0.0      0.0      1.0      200.0      
Numero de colunas: 8
Coluna Pivo: 4
Linha pivo: 3
Pivo: 5.0
Multiplicador: 6.0
Multiplicador: -1.0
Multiplicador: -5.0
Multiplicador: -1.0
1.0      1.4000000000000004      -5.2      0.0      0.0      1.2000000000000002      0.0      60.0      
0.0      0.6      1.2      0.0      1.0      -0.2      0.0      90.0      
0.0      0.4      -0.2      1.0      0.0      0.2      0.0      10.0      
0.0      2.6      0.2      0.0      0.0      -0.2      1.0      190.0      
Numero de colunas: 8
Coluna Pivo: 3
Linha pivo: 2
Pivo: 1.2
Multiplicador: 5.2
Multiplicador: -1.2
Multiplicador: 0.2
Multiplicador: -0.2
1.0      4.0      0.0      0.0      4.333333333333334      0.33333333333333337      0.0      450.0      
0.0      0.5      1.0      0.0      0.8333333333333334      -0.16666666666666669      0.0      75.0      
0.0      0.5      0.0      1.0      0.16666666666666669      0.16666666666666669      0.0      25.0      
0.0      2.5      0.0      0.0      -0.16666666666666669      -0.16666666666666669      1.0      175.0   
